3.062918314722908736e-03
1.713160266633812498e-03
2.531043538223595214e-03
1.207740536931652901e-03
2.030873394274750315e-03
2.024667733507053667e-03
1.678599177919309730e-03
2.396775121381860586e-03
1.914554734053894661e-03
1.588844963550632358e-03
2.019042703917408275e-03
2.328698315743942850e-03
2.033210573023120412e-03
1.771655872768865443e-03
2.218533632584603153e-03
1.445975085083762253e-03
2.666187195597988745e-03
1.725734965645904853e-03
2.052314720771080802e-03
1.997377232140769548e-03
2.094345364964204752e-03
1.605517708628137604e-03
1.982033214819709562e-03
2.390471289854307138e-03
1.606917797975826066e-03
2.127258227078653984e-03
1.887915194041438509e-03
1.512879625226217330e-03
2.156111924677776674e-03
2.569393053627894337e-03
2.009288209871016098e-03
2.009366616363658740e-03
2.410855830950030948e-03
1.614747496389080808e-03
2.417934515102761715e-03
1.777301977843040708e-03
2.310801436562883414e-03
1.638348626485637213e-03
2.539389063348798398e-03
3.210485612535018702e-03
3.406527322704689699e-03
4.234771427562462887e-03
1.669256806422441449e-03
2.415333066251785284e-03
1.924988730869999594e-03
2.088721356771148195e-03
1.121357043003983747e-03
3.686152755661353635e-03
1.006123905320235054e-03
2.193104974160255474e-03
1.288422176217261274e-03
5.260599764301655303e-03
3.594492101651171768e-03
3.605709250960922960e-03
1.651592970046418746e-03
2.055592081864255575e-03
2.769435730381740544e-03
2.690924576839165330e-03
8.258366787006829338e-04
3.080209788395915377e-03
1.689372433507093686e-03
1.205824092459492191e-03
2.401817833776966841e-03
4.086047945293617457e-03
2.216214417226182194e-03
2.470977080917465072e-03
2.568306519407870681e-03
1.789515352224495433e-03
3.853975315592221128e-03
8.553154347411861744e-03
3.937543383895276625e-03
2.597172604159491988e-03
2.378569919487678354e-03
1.260819815826655626e-03
1.632038170827952847e-03
5.646494053223263636e-03
3.128206004021085243e-03
9.955192398157935735e-04
2.151246043636295419e-03
4.627152418058627474e-03
6.512615076276079447e-03
1.010513065917967475e-02
1.136639409561417602e-03
2.155792515289661759e-03
2.466113813084362238e-03
3.779503263754330038e-03
4.209948999057477187e-03
3.845435481658598335e-03
3.015268430801390422e-03
1.797986207723239332e-03
2.695654626249262970e-03
7.070985405393132375e-03
5.348081920254805707e-03
1.467241189849861514e-03
1.009274494607752086e-02
1.176466050565951309e-03
1.916847514635706398e-03
5.919599462859704772e-03
4.532471141035745305e-03
5.555656980578239229e-03
1.751628643282384908e-03
2.200207999816918957e-03
2.408146792680609417e-03
2.563212903109238043e-03
1.938210227960203338e-03
2.850738189243974454e-03
2.804463307277554190e-03
6.382598361587971114e-04
2.167682161473522256e-03
5.236862019664788141e-03
2.534937253484961447e-03
3.212301943025186457e-03
4.604739677654211445e-03
1.825421709362482848e-03
5.988551805725002286e-03
7.326296333521214489e-03
5.065878184216995178e-03
2.202507840080888783e-03
2.396699844440309743e-03
1.515117747558933879e-03
2.691034275635554446e-03
9.871657329673137141e-04
4.757553506684110770e-03
2.689296043810967748e-03
2.140663738570676954e-03
3.403277848742165650e-03
5.108208882426651214e-03
3.831879519551569142e-03